SAUC: 0.639
AUC: 0.764
NSS: 1.136
CC: 0.821


SAUC: 0.644
AUC: 0.766
NSS: 1.159
CC: 0.835
0.02461073670387268 = fastsal


SAUC: 0.649
AUC: 0.772
NSS: 1.209
CC: 0.875
0.0641521538257599 = mobilesal